70 1 4 130 322 0 2 109 0 2.4 2 3 3 yes
67 0 3 115 564 0 2 160 0 1.6 2 0 7 no
57 1 2 124 261 0 0 141 0 0.3 1 0 7 yes
64 1 4 128 263 0 0 105 1 0.2 2 1 7 no
74 0 2 120 269 0 2 121 1 0.2 1 1 3 no
65 1 4 120 177 0 0 140 0 0.4 1 0 7 no
56 1 3 130 256 1 2 142 1 0.6 2 1 6 yes
59 1 4 110 239 0 2 142 1 1.2 2 1 7 yes
60 1 4 140 293 0 2 170 0 1.2 2 2 7 yes
63 0 4 150 407 0 2 154 0 4.0 2 3 7 yes
59 1 4 135 234 0 0 161 0 0.5 2 0 7 no
53 1 4 142 226 0 2 111 1 0.0 1 0 7 no
44 1 3 140 235 0 2 180 0 0.0 1 0 3 no
61 1 1 134 234 0 0 145 0 2.6 2 2 3 yes
57 0 4 128 303 0 2 159 0 0.0 1 1 3 no
71 0 4 112 149 0 0 125 0 1.6 2 0 3 no
46 1 4 140 311 0 0 120 1 1.8 2 2 7 yes
53 1 4 140 203 1 2 155 1 3.1 3 0 7 yes
64 1 1 110 211 0 2 144 1 1.8 2 0 3 no
40 1 1 140 199 0 0 178 1 1.4 1 0 7 no
40 1 4 152 223 0 0 181 0 0.0 1 0 7 yes
62 0 4 124 209 0 0 163 0 0.0 1 0 3 no
44 1 3 130 233 0 0 179 1 0.4 1 0 3 no
46 1 2 101 197 1 0 156 0 0.0 1 0 7 no
59 1 3 126 218 1 0 134 0 2.2 2 1 6 yes
58 1 3 140 211 1 2 165 0 0.0 1 0 3 no
49 1 3 118 149 0 2 126 0 0.8 1 3 3 yes
44 1 4 110 197 0 2 177 0 0.0 1 1 3 yes
66 1 2 160 246 0 0 120 1 0.0 2 3 6 yes
65 0 4 150 225 0 2 114 0 1.0 2 3 7 yes
